D = [21,10,7,1,0.8,0.7,0.07];
M = [18,32,180,13680,3500,6800,345000];


%y = 6pinr

%D = kT/y

%solve for r

%body temperature is ~37 celsius = ~310 Kelvin
T = 310;
