function C = CS6640_gen_O()
% CS6640_gen_H - generate points on the boundary of letter H
% On input:
%     N/A
% On output:
%     H (43x2 array): x,y locations of boundary
% Call:
%     H = CS6640_gen_H;
% Author:
%     T. Henderson
%     UU
%     Fall 2018
%

C = [6,17; 7, 17; 8,17; 9,17; 10,17; 11,17; 12,17; 13,16; 14,15;...
    15,14; 16,13; 17,12; 17,11; 17,10; 17,9; 17,8; 17,7; 16,6; ...
    15,5; 14,4; 13,3; 13,2; 12,2; 11,2; 10,2; 9,2; 8,2; 7,2; 6,3;...
    5,4; 4,5; 3,6; 2,6; 2,7; 2,8; 2,9; 2,10; 2,11; 2,12; 3,13; ...
    4,14; 5,15; 6,16; 7,17];

end