%Code for generating figures in HW2
%Jake Bergquist
%Fall 2019


%Q4

TE = [10 20 30 50 100 250];
tumor = [1213.4 1099.3 994.7 783.2 447.6 70.9];
background = [448.1 306.7 239.1 119.0 1.1 30.4];



%q5

TI = [50 100 200 400 800 1600];
tissue1 = [889 684 461 99.4 385 780];
tissue2 = [261 217 108 118 254 339];


