e = 1.602e-19;
T = 298;
k = 1.38e-23;
e0 = 8.85e-12;
d = 78.4;
Na = 6.023e23;
C = 0.02;

R = Na*k;

sqrt(12*(e^2)*C*Na)/(d*e0*R*T)


f = e*Na;

